x1 = (1.0958785 * sin(t) - 0.0252775 * sin(5*t) + 0.0004212 * sin(11*t) + 0.0001224 * sin(13*t) - 0.0000036 * sin(19*t) + 0.0000004 * sin(23*t) - 0.0058497 * sin(7*t) + 0.0000114 * sin(17*t) + 0.0029908 * sin(8*t) - 0.0000206 * sin(16*t))
y1 = (0.3372826 * sin(2*t) + 0.0557118 * sin(4*t) - 0.0008022 * sin(10*t) + 0.0000676 * sin(14*t) - 0.0000021 * sin(20*t) - 0.0000007 * sin(22*t))
x2 = (1.0958785 * sin(t + 2*pi/3) - 0.0252775 * sin(5*(t + 2*pi/3)) + 0.0004212 * sin(11*(t + 2*pi/3)) + 0.0001224 * sin(13*(t + 2*pi/3)) - 0.0000036 * sin(19*(t + 2*pi/3)) + 0.0000004 * sin(23*(t + 2*pi/3)) - 0.0058497 * sin(7*(t + 2*pi/3)) + 0.0000114 * sin(17*(t + 2*pi/3)) + 0.0029908 * sin(8*(t + 2*pi/3)) - 0.0000206 * sin(16*(t + 2*pi/3)))
y2 = (0.3372826 * sin(2*(t + 2*pi/3)) + 0.0557118 * sin(4*(t + 2*pi/3)) - 0.0008022 * sin(10*(t + 2*pi/3)) + 0.0000676 * sin(14*(t + 2*pi/3)) - 0.0000021 * sin(20*(t + 2*pi/3)) - 0.0000007 * sin(22*(t + 2*pi/3)))
x3 = (1.0958785 * sin(t + 4*pi/3) - 0.0252775 * sin(5*(t + 4*pi/3)) + 0.0004212 * sin(11*(t + 4*pi/3)) + 0.0001224 * sin(13*(t + 4*pi/3)) - 0.0000036 * sin(19*(t + 4*pi/3)) + 0.0000004 * sin(23*(t + 4*pi/3)) - 0.0058497 * sin(7*(t + 4*pi/3)) + 0.0000114 * sin(17*(t + 4*pi/3)) + 0.0029908 * sin(8*(t + 4*pi/3)) - 0.0000206 * sin(16*(t + 4*pi/3)))
y3 = (0.3372826 * sin(2*(t + 4*pi/3)) + 0.0557118 * sin(4*(t + 4*pi/3)) - 0.0008022 * sin(10*(t + 4*pi/3)) + 0.0000676 * sin(14*(t + 4*pi/3)) - 0.0000021 * sin(20*(t + 4*pi/3)) - 0.0000007 * sin(22*(t + 4*pi/3)))
